fro-l	0	99	9
fro-l	100	199	8
fro-l	200	299	10
fro-l	300	399	12
fro-l	400	499	4
fro-l	500	599	8
fro-l	600	699	6
fro-l	700	799	1
fro-l	800	899	7
fro-l	900	999	14
fro-l	1000	1099	7
fro-l	1100	1199	10
fro-l	1200	1299	4
fro-l	1300	1399	2
fro-l	1400	1499	6
fro-l	1500	1599	6
fro-l	1600	1699	1
fro-l	1700	1799	9
fro-l	1800	1899	4
fro-l	1900	1999	9
fro-l	2000	2099	10
ins-l	0	99	9
ins-l	100	199	15
ins-l	200	299	14
ins-l	300	399	2
ins-l	400	499	9
ins-l	500	599	9
ins-l	600	699	7
ins-l	700	799	12
lim-l	0	99	1
lim-l	100	199	7
lim-l	200	299	11
lim-l	300	399	0
lim-l	400	499	13
lim-l	500	599	5
lim-l	600	699	0
lim-l	700	799	9
tem-l	0	99	5
tem-l	100	199	5
tem-l	200	299	2
tem-l	300	399	6
tem-l	400	499	13
tem-l	500	599	10
tem-l	600	699	5
tem-l	700	799	15
tem-l	800	899	12
tem-l	900	999	7
tem-l	1000	1099	1
par-l	0	99	13
par-l	100	199	4
par-l	200	299	5
par-l	300	399	10
par-l	400	499	4
par-l	500	599	6
par-l	600	699	4
par-l	700	799	9
par-l	800	899	7
par-l	900	999	10
par-l	1000	1099	9
occ-l	0	99	9
occ-l	100	199	9
occ-l	200	299	9
occ-l	300	399	8
occ-l	400	499	3
occ-l	500	599	2
occ-l	600	699	7
occ-l	700	799	0
occ-l	800	899	4
occ-l	900	999	1
occ-l	1000	1099	1
occ-l	1100	1199	3
occ-l	1200	1299	7
occ-l	1300	1399	5
occ-l	1400	1499	5
sbc-l	0	99	13
sbc-l	100	199	8
sbc-l	200	299	10
sbc-l	300	399	12
sbc-l	400	499	4
sbc-l	500	599	8
sbc-l	600	699	6
ceb-l	0	99	1
bst	0	99	7
fro-r	0	99	14
fro-r	100	199	15
fro-r	200	299	15
fro-r	300	399	4
fro-r	400	499	2
fro-r	500	599	6
fro-r	600	699	8
fro-r	700	799	1
fro-r	800	899	13
fro-r	900	999	4
fro-r	1000	1099	10
fro-r	1100	1199	10
fro-r	1200	1299	9
fro-r	1300	1399	10
fro-r	1400	1499	14
fro-r	1500	1599	11
fro-r	1600	1699	9
fro-r	1700	1799	9
fro-r	1800	1899	7
fro-r	1900	1999	4
fro-r	2000	2099	1
ins-r	0	99	7
ins-r	100	199	3
ins-r	200	299	3
ins-r	300	399	13
ins-r	400	499	9
ins-r	500	599	1
ins-r	600	699	9
ins-r	700	799	5
lim-r	0	99	5
lim-r	100	199	2
lim-r	200	299	6
lim-r	300	399	13
lim-r	400	499	15
lim-r	500	599	5
lim-r	600	699	15
lim-r	700	799	12
tem-r	0	99	7
tem-r	100	199	1
tem-r	200	299	13
tem-r	300	399	4
tem-r	400	499	5
tem-r	500	599	10
tem-r	600	699	4
tem-r	700	799	8
tem-r	800	899	4
tem-r	900	999	9
tem-r	1000	1099	7
par-r	0	99	10
par-r	100	199	9
par-r	200	299	9
par-r	300	399	9
par-r	400	499	10
par-r	500	599	8
par-r	600	699	3
par-r	700	799	2
par-r	800	899	7
par-r	900	999	0
par-r	1000	1099	4
occ-r	0	99	1
occ-r	100	199	1
occ-r	200	299	6
occ-r	300	399	7
occ-r	400	499	5
occ-r	500	599	5
